1
590.0
240.0
650.0
240.0
2
170.0
360.0
230.0
360.0
1
590.0
300.0
590.0
360.0
2
530.0
600.0
590.0
600.0
1
530.0
360.0
530.0
420.0
2
170.0
420.0
230.0
420.0
1
530.0
420.0
470.0
420.0
2
410.0
540.0
470.0
540.0
1
410.0
420.0
470.0
420.0
2
110.0
180.0
110.0
240.0
1
350.0
300.0
410.0
300.0
2
350.0
300.0
350.0
360.0
1
410.0
300.0
410.0
240.0
2
410.0
480.0
470.0
480.0
1
410.0
240.0
410.0
180.0
2
410.0
120.0
470.0
120.0
1
410.0
180.0
470.0
180.0
2
530.0
420.0
590.0
420.0
1
470.0
180.0
530.0
180.0
2
410.0
300.0
470.0
300.0
1
530.0
180.0
530.0
240.0
2
350.0
600.0
410.0
600.0
1
470.0
240.0
470.0
180.0
2
410.0
240.0
470.0
240.0
2
470.0
300.0
470.0
240.0
2
530.0
240.0
470.0
240.0
2
290.0
240.0
350.0
240.0
